5.00E-06	5.00E-06	1.04E-14
6.00E-06	5.00E-06	1.41E-14
7.00E-06	5.00E-06	1.94E-14
8.00E-06	5.00E-06	2.44E-14
9.00E-06	5.00E-06	3.12E-14
1.00E-05	5.00E-06	3.90E-14
1.10E-05	5.00E-06	4.59E-14
1.20E-05	5.00E-06	5.35E-14
1.30E-05	5.00E-06	6.35E-14
1.40E-05	5.00E-06	7.43E-14
1.50E-05	5.00E-06	8.39E-14
1.60E-05	5.00E-06	9.40E-14
1.70E-05	5.00E-06	1.07E-13
1.80E-05	5.00E-06	1.19E-13
1.90E-05	5.00E-06	1.33E-13
2.00E-05	5.00E-06	1.46E-13
5.00E-06	6.00E-06	1.07E-14
6.00E-06	6.00E-06	1.44E-14
7.00E-06	6.00E-06	1.98E-14
8.00E-06	6.00E-06	2.48E-14
9.00E-06	6.00E-06	3.17E-14
1.00E-05	6.00E-06	3.94E-14
1.10E-05	6.00E-06	4.64E-14
1.20E-05	6.00E-06	5.40E-14
1.30E-05	6.00E-06	6.41E-14
1.40E-05	6.00E-06	7.50E-14
1.50E-05	6.00E-06	8.46E-14
1.60E-05	6.00E-06	9.47E-14
1.70E-05	6.00E-06	1.08E-13
1.80E-05	6.00E-06	1.19E-13
1.90E-05	6.00E-06	1.34E-13
2.00E-05	6.00E-06	1.47E-13
5.00E-06	7.00E-06	1.10E-14
6.00E-06	7.00E-06	1.47E-14
7.00E-06	7.00E-06	2.01E-14
8.00E-06	7.00E-06	2.52E-14
9.00E-06	7.00E-06	3.21E-14
1.00E-05	7.00E-06	3.99E-14
1.10E-05	7.00E-06	4.69E-14
1.20E-05	7.00E-06	5.45E-14
1.30E-05	7.00E-06	6.46E-14
1.40E-05	7.00E-06	7.56E-14
1.50E-05	7.00E-06	8.52E-14
1.60E-05	7.00E-06	9.54E-14
1.70E-05	7.00E-06	1.09E-13
1.80E-05	7.00E-06	1.20E-13
1.90E-05	7.00E-06	1.35E-13
2.00E-05	7.00E-06	1.48E-13
5.00E-06	8.00E-06	1.12E-14
6.00E-06	8.00E-06	1.50E-14
7.00E-06	8.00E-06	2.04E-14
8.00E-06	8.00E-06	2.55E-14
9.00E-06	8.00E-06	3.25E-14
1.00E-05	8.00E-06	4.03E-14
1.10E-05	8.00E-06	4.74E-14
1.20E-05	8.00E-06	5.50E-14
1.30E-05	8.00E-06	6.51E-14
1.40E-05	8.00E-06	7.61E-14
1.50E-05	8.00E-06	8.58E-14
1.60E-05	8.00E-06	9.60E-14
1.70E-05	8.00E-06	1.09E-13
1.80E-05	8.00E-06	1.21E-13
1.90E-05	8.00E-06	1.36E-13
2.00E-05	8.00E-06	1.48E-13
5.00E-06	9.00E-06	1.15E-14
6.00E-06	9.00E-06	1.53E-14
7.00E-06	9.00E-06	2.07E-14
8.00E-06	9.00E-06	2.58E-14
9.00E-06	9.00E-06	3.28E-14
1.00E-05	9.00E-06	4.07E-14
1.10E-05	9.00E-06	4.78E-14
1.20E-05	9.00E-06	5.55E-14
1.30E-05	9.00E-06	6.57E-14
1.40E-05	9.00E-06	7.67E-14
1.50E-05	9.00E-06	8.64E-14
1.60E-05	9.00E-06	9.66E-14
1.70E-05	9.00E-06	1.10E-13
1.80E-05	9.00E-06	1.21E-13
1.90E-05	9.00E-06	1.36E-13
2.00E-05	9.00E-06	1.49E-13
5.00E-06	1.00E-05	1.17E-14
6.00E-06	1.00E-05	1.55E-14
7.00E-06	1.00E-05	2.10E-14
8.00E-06	1.00E-05	2.61E-14
9.00E-06	1.00E-05	3.32E-14
1.00E-05	1.00E-05	4.11E-14
1.10E-05	1.00E-05	4.82E-14
1.20E-05	1.00E-05	5.59E-14
1.30E-05	1.00E-05	6.61E-14
1.40E-05	1.00E-05	7.71E-14
1.50E-05	1.00E-05	8.69E-14
1.60E-05	1.00E-05	9.71E-14
1.70E-05	1.00E-05	1.10E-13
1.80E-05	1.00E-05	1.22E-13
1.90E-05	1.00E-05	1.37E-13
2.00E-05	1.00E-05	1.50E-13
5.00E-06	1.10E-05	1.19E-14
6.00E-06	1.10E-05	1.58E-14
7.00E-06	1.10E-05	2.13E-14
8.00E-06	1.10E-05	2.64E-14
9.00E-06	1.10E-05	3.35E-14
1.00E-05	1.10E-05	4.14E-14
1.10E-05	1.10E-05	4.86E-14
1.20E-05	1.10E-05	5.63E-14
1.30E-05	1.10E-05	6.65E-14
1.40E-05	1.10E-05	7.76E-14
1.50E-05	1.10E-05	8.73E-14
1.60E-05	1.10E-05	9.76E-14
1.70E-05	1.10E-05	1.11E-13
1.80E-05	1.10E-05	1.23E-13
1.90E-05	1.10E-05	1.38E-13
2.00E-05	1.10E-05	1.50E-13
5.00E-06	1.20E-05	1.21E-14
6.00E-06	1.20E-05	1.60E-14
7.00E-06	1.20E-05	2.15E-14
8.00E-06	1.20E-05	2.67E-14
9.00E-06	1.20E-05	3.38E-14
1.00E-05	1.20E-05	4.18E-14
1.10E-05	1.20E-05	4.89E-14
1.20E-05	1.20E-05	5.67E-14
1.30E-05	1.20E-05	6.69E-14
1.40E-05	1.20E-05	7.80E-14
1.50E-05	1.20E-05	8.78E-14
1.60E-05	1.20E-05	9.81E-14
1.70E-05	1.20E-05	1.11E-13
1.80E-05	1.20E-05	1.23E-13
1.90E-05	1.20E-05	1.38E-13
2.00E-05	1.20E-05	1.51E-13
5.00E-06	1.30E-05	1.23E-14
6.00E-06	1.30E-05	1.62E-14
7.00E-06	1.30E-05	2.18E-14
8.00E-06	1.30E-05	2.70E-14
9.00E-06	1.30E-05	3.41E-14
1.00E-05	1.30E-05	4.21E-14
1.10E-05	1.30E-05	4.93E-14
1.20E-05	1.30E-05	5.71E-14
1.30E-05	1.30E-05	6.73E-14
1.40E-05	1.30E-05	7.85E-14
1.50E-05	1.30E-05	8.82E-14
1.60E-05	1.30E-05	9.86E-14
1.70E-05	1.30E-05	1.12E-13
1.80E-05	1.30E-05	1.24E-13
1.90E-05	1.30E-05	1.39E-13
2.00E-05	1.30E-05	1.52E-13
5.00E-06	1.40E-05	1.25E-14
6.00E-06	1.40E-05	1.64E-14
7.00E-06	1.40E-05	2.20E-14
8.00E-06	1.40E-05	2.72E-14
9.00E-06	1.40E-05	3.44E-14
1.00E-05	1.40E-05	4.24E-14
1.10E-05	1.40E-05	4.96E-14
1.20E-05	1.40E-05	5.74E-14
1.30E-05	1.40E-05	6.77E-14
1.40E-05	1.40E-05	7.89E-14
1.50E-05	1.40E-05	8.86E-14
1.60E-05	1.40E-05	9.90E-14
1.70E-05	1.40E-05	1.12E-13
1.80E-05	1.40E-05	1.24E-13
1.90E-05	1.40E-05	1.39E-13
2.00E-05	1.40E-05	1.52E-13
5.00E-06	1.50E-05	1.27E-14
6.00E-06	1.50E-05	1.67E-14
7.00E-06	1.50E-05	2.23E-14
8.00E-06	1.50E-05	2.75E-14
9.00E-06	1.50E-05	3.47E-14
1.00E-05	1.50E-05	4.27E-14
1.10E-05	1.50E-05	4.99E-14
1.20E-05	1.50E-05	5.77E-14
1.30E-05	1.50E-05	6.81E-14
1.40E-05	1.50E-05	7.92E-14
1.50E-05	1.50E-05	8.91E-14
1.60E-05	1.50E-05	9.94E-14
1.70E-05	1.50E-05	1.13E-13
1.80E-05	1.50E-05	1.25E-13
1.90E-05	1.50E-05	1.40E-13
2.00E-05	1.50E-05	1.53E-13
5.00E-06	1.60E-05	1.29E-14
6.00E-06	1.60E-05	1.69E-14
7.00E-06	1.60E-05	2.25E-14
8.00E-06	1.60E-05	2.77E-14
9.00E-06	1.60E-05	3.49E-14
1.00E-05	1.60E-05	4.30E-14
1.10E-05	1.60E-05	5.03E-14
1.20E-05	1.60E-05	5.81E-14
1.30E-05	1.60E-05	6.84E-14
1.40E-05	1.60E-05	7.96E-14
1.50E-05	1.60E-05	8.94E-14
1.60E-05	1.60E-05	9.98E-14
1.70E-05	1.60E-05	1.13E-13
1.80E-05	1.60E-05	1.25E-13
1.90E-05	1.60E-05	1.40E-13
2.00E-05	1.60E-05	1.53E-13
5.00E-06	1.70E-05	1.31E-14
6.00E-06	1.70E-05	1.71E-14
7.00E-06	1.70E-05	2.27E-14
8.00E-06	1.70E-05	2.80E-14
9.00E-06	1.70E-05	3.52E-14
1.00E-05	1.70E-05	4.33E-14
1.10E-05	1.70E-05	5.05E-14
1.20E-05	1.70E-05	5.84E-14
1.30E-05	1.70E-05	6.88E-14
1.40E-05	1.70E-05	8.00E-14
1.50E-05	1.70E-05	8.98E-14
1.60E-05	1.70E-05	1.00E-13
1.70E-05	1.70E-05	1.14E-13
1.80E-05	1.70E-05	1.25E-13
1.90E-05	1.70E-05	1.41E-13
2.00E-05	1.70E-05	1.54E-13
5.00E-06	1.80E-05	1.33E-14
6.00E-06	1.80E-05	1.73E-14
7.00E-06	1.80E-05	2.29E-14
8.00E-06	1.80E-05	2.82E-14
9.00E-06	1.80E-05	3.55E-14
1.00E-05	1.80E-05	4.36E-14
1.10E-05	1.80E-05	5.08E-14
1.20E-05	1.80E-05	5.87E-14
1.30E-05	1.80E-05	6.91E-14
1.40E-05	1.80E-05	8.03E-14
1.50E-05	1.80E-05	9.02E-14
1.60E-05	1.80E-05	1.01E-13
1.70E-05	1.80E-05	1.14E-13
1.80E-05	1.80E-05	1.26E-13
1.90E-05	1.80E-05	1.41E-13
2.00E-05	1.80E-05	1.54E-13
5.00E-06	1.90E-05	1.34E-14
6.00E-06	1.90E-05	1.75E-14
7.00E-06	1.90E-05	2.31E-14
8.00E-06	1.90E-05	2.85E-14
9.00E-06	1.90E-05	3.57E-14
1.00E-05	1.90E-05	4.38E-14
1.10E-05	1.90E-05	5.11E-14
1.20E-05	1.90E-05	5.90E-14
1.30E-05	1.90E-05	6.94E-14
1.40E-05	1.90E-05	8.07E-14
1.50E-05	1.90E-05	9.06E-14
1.60E-05	1.90E-05	1.01E-13
1.70E-05	1.90E-05	1.15E-13
1.80E-05	1.90E-05	1.26E-13
1.90E-05	1.90E-05	1.41E-13
2.00E-05	1.90E-05	1.54E-13
5.00E-06	2.00E-05	1.36E-14
6.00E-06	2.00E-05	1.77E-14
7.00E-06	2.00E-05	2.34E-14
8.00E-06	2.00E-05	2.87E-14
9.00E-06	2.00E-05	3.60E-14
1.00E-05	2.00E-05	4.41E-14
1.10E-05	2.00E-05	5.14E-14
1.20E-05	2.00E-05	5.93E-14
1.30E-05	2.00E-05	6.98E-14
1.40E-05	2.00E-05	8.10E-14
1.50E-05	2.00E-05	9.09E-14
1.60E-05	2.00E-05	1.01E-13
1.70E-05	2.00E-05	1.15E-13
1.80E-05	2.00E-05	1.27E-13
1.90E-05	2.00E-05	1.42E-13
2.00E-05	2.00E-05	1.55E-13
